27
186 50 0 0
64 45 0 0
13 33 0 0
22 37 0 0
32 39 0 0
103 48 0 0
21 36 0 0
15 33 0 0
47 41 0 0
57 43 0 0
1 28 0 0
5 31 0 0
32 39 0 0
20 36 0 0
57 43 0 0
63 44 0 0
15 34 0 0
1 28 0 0
48 42 0 0
51 42 0 0
80 46 0 0
23 37 0 0
8 32 0 0
18 35 0 0
1 29 0 0
16 34 0 0
1 29 0 0
2 30 11 18
2 30 25 27
4 31 28 29
9 32 12 30
17 35 23 31
28 38 3 8
31 38 17 26
35 40 24 32
41 40 7 14
45 41 4 22
59 44 33 34
64 45 5 13
76 46 35 36
92 47 9 37
99 47 19 20
114 48 10 15
122 49 16 38
128 49 2 39
156 50 21 40
191 51 41 42
217 51 6 43
250 52 44 45
342 52 1 46
408 53 47 48
592 53 49 50
1000 0 51 52
 110
A1010
B100100
C00010
D10110
E010
F111110
G100101
H0000
I0110
J1111011100
K11110110
L10111
M111111
N0111
O1000
P100110
Q1111011101
R0010
S0011
T1110
U00011
V1111010
W111100
X1111011110
Y100111
Z1111011111
